70.04973204945733
3980.380839247689
62554.75423339912
704999.8409472101
5999559.409514361
41693221.97789553
219625119.0884455
920797398.9188938
3227878764.956617
9955239017.35576
26238713637.233204
62095321676.057014
127648471720.05609
235618230226.2927
402004176209.951
647515943768.3953
975256355002.4858
1410571266762.6736
1778011169180.1675
1940363255341.4126
2038438777644.1594
2058433569699.7197
2017473903143.9346
1957558021673.0947
1880038724412.9045
1787452553868.208
1681814107934.0908
1582418894154.5317
1488897937509.0674
1400904069400.5342
1318110638878.0679
1227692491670.7678
1131441400322.9434
1042736394536.1046
960985861194.1796
876293292091.1527
790854696161.9803
713746363262.9037
637537094205.8033
563327776440.2201
497756423262.55206
439817575594.76666
388622809795.5128
343387114735.29407
303416854580.0865
268099132706.94714
236892393659.8425
209318119037.82248
184953489981.8071
163424903747.91312
144402244951.6454
127593823639.26437
112741902567.6455
99618745108.76399
88023123178.0971
77777231640.1606
68723961877.24054
60724492714.725
53656161762.726776
47410584533.541664
41891992493.83408
37015764567.54884
32707129571.883545
28900019689.714012
25536057397.82926
22563660316.72013
19937250255.852318
17616554326.069683
15565987402.513906
13754106468.860176
12153128475.883871
10738504321.29012
9488542418.291172
8384076080.801406
7408169624.995526
6545858680.645514
5783920730.217905
5110672357.22012
4515790094.839325
3990152127.7997
3525698420.1235266
3115307124.020894
2752685374.7846394
2432272797.1595097
2149156243.5699663
1898994456.8182647
1677951502.04448
1482637947.2063801
1310058890.151448
1157568035.3377247
1022827116.0243293
903770039.7190205
798571207.0956596
705617518.5896667
623483639.4257777
550910143.7965708
486784203.0586091
430122521.8225517
380056260.2823758
335817711.5854804
296728529.95690614
262189329.06989998
231670491.16614404
204704045.99438736
180876495.04062575
159822471.01788464
141219135.3913916
124781228.03182346
110256693.08891039
97422814.0133531
86082798.46219121
76062760.7211853
67209055.37323369
59385921.327784635
52473400.08522622
46365496.31530198
40968552.54419733
36199813.02804984
31986154.791582506
28262966.373840164
24973157.087922968
22066281.602886815
19497766.42430938
17228226.41251859
15222860.858100243
13450919.854216116
11885232.783184206
10501791.687220683
9279383.134827366
8199262.937932748
7244868.7319567315
6401566.011556298
5656423.72781057
4998016.005892892
4416246.942806512
3902195.7986634783
3447980.207698801
3046635.311522475
2692006.961261022
2378657.3509700177
2101781.635316948
1857134.252965867
1640963.8259204316
1449955.6365831348
1281180.8004847795
1132051.3553082799
1000280.5775502932
883847.9183233606
780968.020630465
690063.3430290418
609739.9699004098
538766.2374039625
476053.84737012594
420641.17953620513
371678.54623817356
328415.1634560494
290187.638429746
256409.7973164865
226563.69690882284
200191.68258862323
176889.3707352808
156299.44798166404
138106.19223658807
122030.63146024002
107826.26595824359
95275.28860068029
84185.2450075561
74386.08248867733
65727.54248698312
58076.85654149518
51316.710440061375
45343.44534483401
40065.46830669148
35401.84779579041
31281.072712367855
27639.95584864951
24422.66498786145
21579.86678327103
19067.970289695408
16848.458547974675
14887.297972995055
13154.416488942295
11623.242409630891
10270.296993148091
9074.83442314245
8018.523696288304
7085.167538041345
6260.454036614334
5531.737186754393
4887.842978214641
4318.898055546716
3816.1783218809755
3371.9751652144623
2979.477255983724
2632.666103387101
2326.2237689520202
2055.45132224522
1816.1967883361144
1604.7914821759557
1417.9937536524174
1252.9392807272568
1107.097148450723
978.2310403718317
864.3649472721617
763.7528674087663
674.8520336425096
596.2992569274484
526.8900234210157
465.5600246942806
411.3688378190609
363.4855050958468
321.1757923026824
283.79093007863406
250.75766581744304
221.56947351652335
195.77878679866393
172.99013601516836
152.8540841835579
135.06186878486295
119.34066725859292
105.44941358987718
93.17510184805833
82.32951999281367
72.74636386523686
64.27868711131727
56.79664793149575
50.18551811218595
44.34392380394801
39.18229107333149
34.62147239256791
30.591533005904083
27.030678563747397
23.884307578672306
21.104174176308906
18.64764830204339
16.477062039536715
14.55913201799231
12.864449051102856
11.36702718156602
10.043905217514357
8.874794650092424
7.841768552864953
6.9289866933997795
6.122452642231266
5.409799154624874
4.780098533047425
4.223695063801038
3.73205695831297
3.2976455282872656
2.9137995887089816
2.574633316519525
2.2749459984327527
2.0101422841716383
1.7761617222795847
1.5694164977982492
1.3867364174113528
1.2253202984459193
1.082693015758157
0.9566675487356603
0.845311446038437
0.7469171936879273
0.659976032309458
0.5831548221020907
0.5152756008037527
0.4552975209069629
0.4023008894903265
0.3554730659479726
0.31409600107463675
0.27753522654718116
0.24523012616154743
0.21668533946487
0.19146316594897136
0.16917685342650565
0.1494846676747787
0.13208465235504455
0.11670999881791122
0.10312495496035323
0.09112121021858448
0.08051470135129592
0.07114279010689509
0.06286176933227292
0.055544659383193494
0.049079261031169316
0.043366435047092027
0.038318582008577726
0.03385829905569766
0.0299171930455303
0.026434831780110878
0.023357817363589575
0.02063896742266802
0.01823659161493485
0.016113852355055865
0.01423819994570994
0.012580873477111995
0.011116459809879669
0.009822503892802998
0.008679164439759085
0.007668909696517184
0.006776248605037543
0.005987493263424952
0.005290549046465037
0.004674729137619185
0.004130590663417097
0.0036497899099526042
0.0032249543655743693
0.0028495696789585185
0.0025178797688181543
0.002224798561154142
0.0019658320077687863
0.0017370091621475058
0.0015348212950804698
0.0013561680969238086
0.001198310130426419
0.0010588268310222594
0.000935579389557211
